0.119855 0.0698385 0.0669797 0 0 0 5.99702e-05 0 0 0 0 0 0 0 0 0 0 0 0 0 0 0 0 0 0 0 0 0 0 0 0 1.11711e-06 0 0 0 0 0 0 0 0 0 0 0 0.00196173 0 0 0 0 0.00138467 0 0 0 0 0 0 0 0 0 0 0.000257526 0.000143702 0 0 0 0 0 0 0 0 0.00526843 0 0 0 0 0 0 0 0 3.74303e-07 0 0.000121338 0 0 0 0 0 0 0 0 0 0 0 0 0 0 0 0 0 0 0 0 0 0 0 0 0 0 0 0 0 0 0 0 0 1.11922e-05 0 0 0.00536078 0 0 0 0 0 0 0 0 0 0 0 0 0 0 0.000317551 0 0 0 0.000187341 0 0 0 0 0 0.00451771 0.0320097 0.0491504 
0.0698385 0.13884 0.0783558 0 0 0 0 0 0 0 0 0 0 0 0 0 0 0 0 0 0 0 0 0 0 0 0 0 0 0 0 0 0 0 0 0.00183088 0 0 0 0 0 0 0 0 0 0 0 0 0 0 0 0 0 0 0 0 2.97994e-05 0 0 0 0 1.36786e-06 0 0 0 0 2.67388e-07 0 0 0 0 0 0 9.58004e-08 0 0 0 0 0 0 0.00276646 0 0 0 0 0 0 9.57458e-07 0 0 0 0 0 0 0 0 0 0 0.00142837 0 0 0 0 0 0 0 0 0 0 0 0 0.00146549 0 0 0 0.000387229 0 0 0 0 0.00195501 0 0 0 0.00011963 0 0 0 0 0.000290521 0 0 0 0 0 0 0 0 0 0 0 0 0.00309742 0.0280798 0.0509676 
0.0669797 0.0783558 0.16562 0.00222835 0 1.90454e-07 0 0 0 0 0 0 0 0 0 0.00197264 0 0 0 0 0 0 0 0 1.35059e-07 0 0 0 0 0 0 0 0 0 0 0 0 0 0 0 0 0 0 0 0 0 0 0 0 0 0 0 0 1.1429e-07 0 0 0 0 0.000513469 0 0 0 0 0 0 0 0 0 0.000713911 0.000285878 0 0 0 0 0 0 0 0 0 0 0 0 0 0 0 0 0 0 0 0 0 0 0 0 0 0 0 0 0 0 0 0 0 0 0 0 0 0 1.88361e-07 0 0 0 0 0 0 0.00124254 0 0 0 0 0 0 0 0 0 0 0.000239563 0 0 0.000849413 0 0 0 0 0 0 0 0 0.00101583 0 0 0 0.00304016 0.034682 0.048154 
0 0 0.00222835 1.19353 0.200732 0.0922461 0.045429 0.0451932 0 0.00682817 0 0 0 0 0 0.000997951 0 6.1445e-06 0 0 0 0 0 0 0 0 0 0 0 0 0 0 0 0 0 0 0 0 0 0 0 0 0.00429318 0 0 0 0 0 0 0 0 0 0 0.00386866 0.0137936 0 0 0 0 0 0 0 0.00785549 0 0 0 0.0321897 0.000461983 0 0 0 0 0 0 0 0 0 0 0 0 0.00329048 0 0.0020724 0 0 0 0 0.00296643 0 0 0 0 0 0 0 0 0 0 0 0 0 0 0 0 0 0 0 0 0.00331825 0 0 1.67263e-07 0 0 0 0 0.0033828 0 0 0 0 0 0 0 0 0 0 0.00206078 0 0 0 0 0.00321621 0 0 0 0 0 0 0.000870732 0 0 0 0 0 
0 0 0 0.200732 2.1584 0.26831 0.200809 0.122257 0.0375968 1.77916e-06 0 0 0 0 0 0 0 0 0 0 0 0 0 0 0 0 0 0 0 0 0.00125488 0 0 0 0 0 0 0 0 0 0 0.0023342 0 0 0 0 0 0 0 0.0125968 0 4.71933e-05 0 0 0 0 0 0 0 0 0 0 0 0 0 0 0.0185946 0 0 0 0 0 0 0 0 0 0 0 0 0 0 0 0 0 0 0 0 0 0 0 0 0 0.000103982 0.00241999 0 0 0 0 0.0016745 0.000240869 0 0 0 0 0 0 0.00134697 0 0 0 0 0 0 0.0192885 0 0 0 0 0 0 0 0 0 0 0 0 0 0 0 0 0 0 0 0 0 0 0 0.00213454 0 0 0.00422926 0 0.00484433 0 0 
0 0 1.90454e-07 0.0922461 0.26831 2.09761 0.228704 0.116749 0.0425148 0 0 0 0 0 0 0.000466319 0.00105919 0 0 0 0 0 0 0 0 0 0 0 0 0 0 0 0 0 0 0 0 0 0 0 0 0 0 0 0 0.0017512 0 0 0 0 0 0 0 0 0 0 0 0.000582275 0 0 0 0 0 0 0 0 0 0 0 0 0 0 0 0 0 3.58123e-08 0 0 0 0 0 0 0 0 0 0 0 0 0 0 0 0 0 0 0 0 0 0 0 0 0 0 0 0 0 0 0.00320481 0 0 0 0 0 0 0 0 0 0 0 0 0 0 0.000745361 0 0 0.00461884 0 0.00171998 0 0 0 0 0 0 0.0012144 0.04917 0 0 0.0147252 0 0 0 0 0 0 5.81293e-08 
5.99702e-05 0 0 0.045429 0.200809 0.228704 2.05035 0.198968 0.0932426 0.00815902 0.00324288 0 0 0 0 0 0.00136213 0 0 0 0 0 0 0 0 0 0.000910204 0 0 0 0 0.0144911 0 0 0 0 0 0.00136557 0 0 0 0 0 0 0 0 0 0 0.00486022 0 0 0.00358627 0 0 0 0 0 0 0 0 0 0 0 0 0 0 0 0 0 0 0 0 0 0 0 0 0 0 0 0 0 0 0 0 0 0 0 0 0 0 0 0 0 0 0 0 1.37449e-07 0.00240855 0 0 0 0 0 0 0 2.82766e-06 0 0 0 0 0 0 0 0 0 0 0 0.00691076 0 0 0 0 0 0 0 0 0 0 0 0 0 0 0 0 0 0 0 0 0 0 0 0 0 0 0 
0 0 0 0.0451932 0.122257 0.116749 0.198968 2.21057 0.123671 0 0.0114476 0 0 0 0 0 0 0 0 0 0 0 0 0 0 0.00336348 0 0 0 0 0 0.0559369 0 0.0200675 0 0 0 0 0 0 0 0 0 0 0 0 0 0 0 0 0 0 0 0 0 0.00827219 0 0 0 0.00166366 0 0 0 0 0 0 0 0 0 0 0 0 0 0 0.00736511 0 0.00346864 0.00177334 0 0 0 0 0 0 0 0.00946833 0 0 0 0.000225633 0 0 0 0 0 0 0 0 0 0.00185792 0 0 0 0 0 0 0 0 0 0 0.0232435 0 0.0112015 0 0 0 0 0 0 0 0 0 0 0 0 0 0 0 0.00183197 0 0 0 0 0 0 0 0 0 0 0 0 0 0 0 0 
0 0 0 0 0.0375968 0.0425148 0.0932426 0.123671 1.31444 0.0410044 0.0630745 0.0214233 0 0 0 0 0 0 0 0 0 0 0 0 0 0.000482572 0 0 0 0 0 0 0 0 0 0 0 0 0 0 0 0 0 0 0 0 0 0 0 0 0 0 0 0 0 0 0 0 0 0 0 0 0 0 0 0 0 0 0 0 0.0084302 0 0 0 0 0 0 0 0 0 0 0 0 0 6.43509e-06 0 0 0 0 0 0 0 0 0 0 0 0 0 0 0 0 0 0 0 0 0 0 0 0 0 0 0.00535276 0.00482597 0 0 0 0 0 0 0 1.25849e-06 0 0 0.00579524 0 0 0 0 0 0 0 0 0 0.0464369 0 0 0.0398656 0 0 0 0 0 0 0 0 
0 0 0 0.00682817 1.77916e-06 0 0.00815902 0 0.0410044 2.34266 0.0836483 0.0661475 0.0399381 0 0.00915037 0 0 0 0 0 0 0 0 0.0454479 0 0 0 0.103752 0 0 0 0 0 0 0 0 0.00158059 0 0 0 0.00010701 0 0 0 0 0 0 0 0 0 0 0 0 0 0 0 0 0 0 0 0 0 0 0 0 0 0 0 0 0 0 0 0 0 0 0 0 0 0.0183466 0 0 0 0 0 0 0 0 0 0 0 0 0.0108518 0 0 0 0 0 0 0 0 0 0 0 0 0 0 0 0 0 0 0 0 0 0 0 0.00544676 0 0 0 0 0 0 0 0 0.00671287 0 0 0 0 0 0.0072121 0 0 0 0 0 0 0 0 0 0 0 0 0.0056754 0 
0 0 0 0 0 0 0.00324288 0.0114476 0.0630745 0.0836483 1.91718 0.132424 0.0900073 0.0145371 0 3.21835e-06 0 0 0 0 0 0 0 0 0 0 0 0 0 0 0 0 0.000309614 0 0 0 0 0 0 0 0 0.0155847 0 0 0 0 0 0 6.81694e-07 0 0 0 0 0 0 0 0 0 0 0.000527409 0.00156028 0 0 0 0 0.0172502 0 0 0 0 0 0 0 0 0 0 0 0 0 0.0331097 0 0.000831812 0 0 0 0 0 0 0 0 0 0 0 0 0 0 0 0 0 0 0 0 0 0 0.00266024 0 0 0 0 0 0 0 0 0 0 0 0 0 0 0.0141823 0 0 0 0 0 0 0 0 0 0 0 0 0 0.0216014 0 0 0.00240225 0 0 0 0 0 0 0 0 
0 0 0 0 0 0 0 0 0.0214233 0.0661475 0.132424 2.2601 0.162083 0.0311379 0.0259434 0.0168632 0 0 0 0 0 0 0 0 0 0 0.000515128 0 0 0 0 0 0 0 0 0 0 0 0 0 0 0 0 0 1.9441e-09 0 0 0 0 0 0 0 0 0 0 0 0 0 0 0 0 0 0 0 0 0 0 0 0 0 0 0 0 0 0 0 0 0 0 0.0812973 0 0.0374399 0 0 0 0 0 0 0 0 0 0 0 0 0 0 0 0 0 0 0 0 0 0 0 0 0 0 0 0 0 0 0 0 0 0 0 0 0.0053337 0 0 0 0 0 0 0 0 0 0 0 0 0 0.00140338 0 6.92044e-05 0 0 3.32748e-05 0 0 0 0 0 0 1.97409e-06 
0 0 0 0 0 0 0 0 0 0.0399381 0.0900073 0.162083 2.2852 0.0417461 0.0892428 0.00452991 0.00369706 0 0 0 0 0 0 0.0257949 0 0 0 0 0 0.0122533 0.00675982 0 0 0 0 0 0 0 0 0 0 0 0 0 0 0 0 0 0 0 0 0 0 0 0 0 0 0 0 0 0 0 0 0 0 0.0110151 0 0 0.00553637 0 0 0 0 0 0 0 0 0 0.0944106 0 0.0126846 0 0 0 0 0 0 0 4.92581e-08 0.0017294 0.0121174 0 0 0 0 0 0 0 0 0.00817559 0 0.00331736 0 0 0 0 0 0 0 0 0 0 0 0 0 0 0 0 0 0 0 0 0 0 0 0 0 0 0 0 0 3.08516e-06 0 0 0 0 0 0 0 0 0 0 0 0 0 
0 0 0 0 0 0 0 0 0 0 0.0145371 0.0311379 0.0417461 2.37195 0.0722339 0.0337024 0.0144506 0 0 0 0 0 0 0.002547 0 0 0.00852096 0 0 0 0 0 0 0 0.00107351 4.71844e-06 9.15488e-07 0 0 0 0 0 0 0 0 0 0 0 0 0 0 0 0 0 0.000807566 0 0 0 0 0 0 0 0 0 0 0 0 0 0 0 3.6048e-06 0 0 0 0 0 0 0 0 0 0 0.0394528 0.00837012 0 0 0 0 0 0 0 0 0 0 0 0 0 0.00145834 0 0 0 0 0 0 0.00467722 0 0 0 0 0 0 0 0 0 0 0 0 0 0 0 0 0 0 0 0 0 0.000533438 0 0 0 0 0 0 0 0 0.00746219 0 0 0 0 0 0.00757579 0 0 0 0 
0 0 0 0 0 0 0 0 0 0.00915037 0 0.0259434 0.0892428 0.0722339 2.20363 0.092398 0.0258241 0 0 0.000835666 0.0520493 0 0 0.0994852 0 0 0 0 0 0 0 0 0 0 0 0 0 0 0 0 0 0 0 0 0.00152049 0 0 0 0 0 0 0 0 0 0 0 0 0 0 0 0 0 0 0.000526686 0 0 0 0 0 0 0 0 0 0 0 0 0 0 0.00483445 0 0.0325618 0 0 0 0 0 0 0 0 0 0 0 0 0 0 0 0 0 0 0 0.00199673 0 0 0 0.00431476 0 0 0 0 0 0.00143389 0 0 0.000793605 0 0 0 0 0 0 0.00361866 0.000378832 0 0 0 0 0 0 0 0 0 0.00121793 0 0 0 0 0 0 0 0 0 0 0 0 0 
0 0 0.00197264 0.000997951 0 0.000466319 0 0 0 0 3.21835e-06 0.0168632 0.00452991 0.0337024 0.092398 2.46905 0.085382 0 2.59968e-07 0.0297166 0 0 0 0 0 0 0 0 0 0 1.59973e-07 0 0 0 0 0 0 0.00304486 0 6.22382e-07 0 0 0 0 0 0 0 0 0 0 0 0 0 0 0 0 0 0 0 0 0 0 0 0 0 5.55938e-05 0 0 0 0 0 0 0 0 0 0 0 0 0 0 1.77206e-07 0 2.29737e-05 0 0 0 0 0 1.14611e-07 0 0 0 0 0 0.00597024 0 0 0 0 0 0 0 0 0.0103315 0 0 0 0 0 0 0 0 0 0 0 0.000280353 0 0 0 0 0 0 3.60198e-06 0 0 0 0 0 0 0 0 0 0 0 0 0 0 0 0 0 0 0.00179029 0 0 0 
0 0 0 0 0 0.00105919 0.00136213 0 0 0 0 0 0.00369706 0.0144506 0.0258241 0.085382 1.76261 0.0239508 0.0295478 0.0474334 0 0 0 0 0 0.00059008 0 0 0 0 0 0 8.19502e-06 0 0 0 0 0 0 0 0.000436849 4.45551e-05 0 0 0 0 0 0 0 0 0 0 0 0.000323959 0 0 0 0 0 0 0.00784178 0 0 0 0 0 0 0 0 0 0 0 0.000349561 0 0 0.00514378 0 0 0 0 0 2.5164e-07 0 0 0 0 0 0 0 0 0 0 2.34379e-05 0 0 0 0 0 0 0 0 0 0 0 0 0 0 0 0 0 0 0 0 0 0 0 0 0 0 0 0 0 0 0 0 0 0 0 0 0 0 0.00248757 0 0 0 0 0 0 0 0 0 0 0 0 0.000115362 
0 0 0 6.1445e-06 0 0 0 0 0 0 0 0 0 0 0 0 0.0239508 1.39262 0.0530927 0 0.0114293 0.0330336 0 0 0.022833 0 0 0 0 0 0 0 0 0 0.0130578 0 0 0.0016393 0 0 0 0 0 0.00925839 0 0.0280638 0.0245455 0 0 0 0.0101845 0.00148043 0 0 0.011647 0 0 0 0 0 0 0 0 0 0 0 0 0 0 0 0 0 0 0.00709088 0.00459286 0 0.00591975 0 0 0 0 0 0 0 0 0.00191389 0.0485058 0.0199771 0 0 0 0 0 0 0 0 0 0 0 0 0 0 0 0 0 0 0 0 0 0 0 0 0 0 0 0 0 0 0 0 0 0 0 0 0 0 0 0 0 0 0 0 0 0 0 0 0 0 0 0 0 0 0 0 0 
0 0 0 0 0 0 0 0 0 0 0 0 0 0 0 2.59968e-07 0.0295478 0.0530927 2.08974 0.0332915 0.00926868 0 0.032589 0 0 0 0 0 0 0 0.00172899 0 0 0 0 0 0.00167949 0 0 8.15962e-06 0 0 0 0.0170261 0 0 0 0.00756948 0 0 0 0 0 0 0 0 0 0 0 0 0 0 0 0 0.00331452 0 0 0 0 0 0 0 0 0 0 0.0113267 0 0 0 0 0 0 0 0 0 0 0 0 0 0 0 0 0 0 0 0 0 0 0 0 0 0 0 0 0 0 0 0 0 0 0.00474447 0 0 0 0 0 0 0 0.00328398 0 1.69798e-05 0 0 0 0 0 0 0 0 0 0 0 0 0 0 0 0 0 0 0 0 0 0 0 0 
0 0 0 0 0 0 0 0 0 0 0 0 0 0 0.000835666 0.0297166 0.0474334 0 0.0332915 1.75582 0.00464934 0.0240268 0.0260945 0.00384529 0 0 0 0 0 0 0 0 0 0 0 0 0 0 0 0 0 0 0 0 0.00994573 0 0 4.4299e-05 0.00343816 0 0 0 0 0 0 0 0 0 0.000136287 0 0 0 0 0 0 0 0 0 0 0 0 0 0.00433334 0 0 0 0 0 0 0 0 0 0 0 0.00225351 0 0 0 0 0 0 0 0 0 0 0 0 0 0 0.000529224 0 0 0 0 0 0.0161727 0 0 0 0 0 0 0 0 0 0 0 0 0 0 0 0 0.00137224 0 0 0 0 0.00199307 0 0 0 0 0 0.00074195 0 0.000971478 0 0 0 0 0 0 0 0 0 
0 0 0 0 0 0 0 0 0 0 0 0 0 0 0.0520493 0 0 0.0114293 0.00926868 0.00464934 1.45448 0.0644805 0.00131897 0 9.59411e-07 0 0 0 0 0 0 0 0 0 0 0 0 0 0.0204591 0 0 0 0.00065131 0 0 0 0 0 0 0 0 0 0.00786942 0 0 0 0.00362192 0 0 0 0 0 0 0 0 0 0 0 0 0.000216902 0 0 0 0 0.0204232 0 0 0 0.00424144 0 0 0 0 0 0.00816495 0 0 0 0 0 0 0 0 0 0 0 0.000379588 0 0 0 0 0 0 0 0 0 0.000614924 0 0 0 0 0 0 0 0 0 0 0 0 0 0 0 0 0 0 0 0 0 0.00509479 0 0 0 0 0 0.00220104 0 0 0 0 0 0 0 0 2.45811e-07 0 
0 0 0 0 0 0 0 0 0 0 0 0 0 0 0 0 0 0.0330336 0 0.0240268 0.0644805 1.2762 0.0084113 0.00676159 0 0 0 0 0 0 0 0 0 0 0 0 0 0 0 0.0098855 0 0 0.0580338 0 0 0.000699172 0 0 0 0 0 0 0 0 0 0 0 0 0.0118755 0 0 0 0 0 0 0 0 0 0 0 0 0 0 0 0 0 0.013273 0 0 0 0 0 0 0 0 0 0 0 0 0 0 0 0 0 0 0 0 0 0.00279924 0 0.0016052 0.0126745 0 0 0 0 0 0 0 0 0 0 0 0 0 0 0 0 0 0 0 0 0 0 0 0.000498849 0 0 0 0 0 0 0 0 0 0 0 0 0 0 0 0 0 0 0.00315773 
0 0 0 0 0 0 0 0 0 0 0 0 0 0 0 0 0 0 0.032589 0.0260945 0.00131897 0.0084113 2.25493 0.00775176 0 0.0178208 0 0 0.0034185 0 0 0 0 0 0 2.11434e-05 0 0 0 0.109132 0.000252157 0 0 0.00713872 0 0 0 0 0 0 0 0 0 0 0 0 0 0 0 1.22783e-09 0 4.59871e-06 0 0 0 0 0 0 0 0 0 0 0 0 0 0 0 0 0 0 0 0 0.00871273 0 0 0 0 0 0 0 0 0 0 0 0 0 0 0 0 0 0 0 0 0 0 0.00830997 0 0 0 0 0 0 0 0 0 0.0029859 0 0 0 0 0 0 0 0 0 0.000947851 0 0 0 0 0.00681682 0 0 0 0 0 0 0 0.00151409 0 0 0 0.000366855 0 0 
0 0 0 0 0 0 0 0 0 0.0454479 0 0 0.0257949 0.002547 0.0994852 0 0 0 0 0.00384529 0 0.00676159 0.00775176 2.45089 0.00379435 0 0.00261377 0.027577 0 0 0 0 0 0 0 0.00881869 0 0 0 0 0 0 0 0 0 0 0 0 0 0 0 0 0 0 0 0 0 0.000104542 0.00125867 0 0 0 0 0 0.0126734 0 0 0 0 0 0 0 0 0 0 0 0 0 0.00120552 0 0.0127286 0 0 0 0 0 0 0 0 0 0 0 0 0 0.00580051 0 0 0 0 0 0 0 0 0 0 0 0 0 0 0 0 0 0 0 0 0 0 0 0 0 0 0 0 0 0 0 0 0 0 0 0 0 0 0 0 0 0 0 0 0 0 0 0 0 0 
0 0 1.35059e-07 0 0 0 0 0 0 0 0 0 0 0 0 0 0 0.022833 0 0 9.59411e-07 0 0 0.00379435 1.58326 0.0400681 0.0166089 0.0163105 0 0 0 0 0 0 0 0 0.00578547 0 0 0 0 0 0.0156535 0 0 0.00341744 0 0.000708678 0 0 0 0.00778296 0.0186206 0 0 0 0 0 0 0 0 0 0 0 0 0 0 0 0 0 0 0 0 0 0 0 0.00892188 0 0.09946 0 0 0 0 0 0 0 0 0 0 0 0 0 0 0 0 0 0 0 0 0.111096 0 0 0 0 0 0 0 0 0 0 0 0 0 0 0 0 0 0 0 0 0 0 0 0 0 0 0 0 0 0 0 0 0 0 0 0 0 0 0 0 0 0 0 0 0 
0 0 0 0 0 0 0 0.00336348 0.000482572 0 0 0 0 0 0 0 0.00059008 0 0 0 0 0 0.0178208 0 0.0400681 1.91456 0.0023308 0 0 0.021867 0 0 0 0 0 0 0 0 0.00668135 0.0845526 0 0 0.0245322 0 0 0 0 0 0 0 0.00708362 0 0 0 0 0 0 0 0 0 0 0 0 0 0 0 0 0 0.0117552 0 0 0 0 8.03126e-05 0 0 0 0 0.0284218 0.00545237 0 0 0 0 0 0 0 0 0 0 0 0 0 0 0 0 0 0 0 0.0412573 0 0 0 0 0 0 0.00168251 0 0 0 0 0 0 0 0 0 0 0 0 0 0 0 0 0 0 0 0.00645514 0 0 0 0 0 0.000177597 0 0 0 0 0 0 0 0 0 0 0 0 
0 0 0 0 0 0 0.000910204 0 0 0 0 0.000515128 0 0.00852096 0 0 0 0 0 0 0 0 0 0.00261377 0.0166089 0.0023308 2.32658 0.031871 0.0346228 0 0.0496338 0 0 0 0 0.0061132 0 0 0 0.0019012 0 0.00431784 0 0 0.00736248 0 0 0 0 0.00135782 0 0 0.00070963 0 0 0 0 0.00236595 0 0 0.000818228 0 0 0 0 0 0 4.26899e-08 0 0 0 0 0 0 0 0 0 0 0 0 0 0 0 0 0 0 0 0.000834802 0 0 0 0 0 0 0 0 0 0 0 0 0 0 0 0.00617395 0 0 0 0 0 0 0 0 0 0 0 0 0 0 0 0 0 0 0 0 0 0 0 0 0 0 0 0.00361547 0 0 0 0 0 0 0 0.00352762 0 0 0 0 0 
0 0 0 0 0 0 0 0 0 0.103752 0 0 0 0 0 0 0 0 0 0 0 0 0 0.027577 0.0163105 0 0.031871 2.34801 0.00425791 0.00973478 0.00219778 0.00729078 0 0 0 0 0 0 0.000501709 0 0 0 0 0 0 0.00915068 0 0 0 0 0 0 0 0 0 0 0 0 0 0 0 0 0 0 0 0 0.00447767 0 0 0.00215312 1.46607e-07 0 0 0.0317058 0 0 0.0487819 0 0 0 0 0.000327647 0 0 0 0 0 0 0 0 0 0 0 0 0 0 0 0 0 0 0 0 0 0 0 0 0 0 0 0.00425182 0 0 0 0 0 0 0 0 0 0 0 0 0.00175031 0 0 0 0 0 0 0 0 0 0 0 0 0 0 0 0 0 0 0 0 0 0 
0 0 0 0 0 0 0 0 0 0 0 0 0 0 0 0 0 0 0 0 0 0 0.0034185 0 0 0 0.0346228 0.00425791 1.26541 0.0374395 0.0163158 0.0202322 0 0.0188455 0.0161349 0 0 0 0 0 0 0 0.0124084 0 0 0 0 0 0 0 0 0 0 0 0 0 0 0 0 0 0 0.000859422 0 0 0 0 0 0 0 0 0 0 0 0 0.00251341 0 0.0192202 0 0 0 0 0 0 0 0 0 0 0 0 0 0 0 0 0 0 0 0 0 0 0 0 0.0309528 0 0 0 0 0 0 0 0 0 0 0 0 0 0 0 0 0 1.74133e-05 0 0 0 0 0 0 0 0 5.57749e-05 0 0 0 0 0 0 0 0.00418096 0.0085301 0 0 0 0 0 0 0 
0 0 0 0 0 0 0 0 0 0 0 0 0.0122533 0 0 0 0 0 0 0 0 0 0 0 0 0.021867 0 0.00973478 0.0374395 2.3901 0.0349841 0.000853583 0.00638057 0 0.0758485 0.00884083 0.0268223 0 0 0.0177158 0 0 0.00345183 0 0 0 0 0 0 0 0 0 0 0 0 0 0 0 0 0 0 0 0 0 0 0.0109153 0 0 0 0.000574536 0 0.00891093 0 0 0 0 0 0 0 0 0 0 0 0 0 0 0 0 0 0 0 0 0 0 0 0 3.04932e-08 0 0 0 0 0 0 0 0 0 0 0 0 0 0 0 1.58076e-06 4.7547e-08 0 0 0 0 0 0 0 0 0 0 0 0 0 0 0 0 7.81063e-08 0 0 0 0 0 0 0 0.00135331 0 0 0 0 0 0 
0 0 0 0 0.00125488 0 0 0 0 0 0 0 0.00675982 0 0 1.59973e-07 0 0 0.00172899 0 0 0 0 0 0 0 0.0496338 0.00219778 0.0163158 0.0349841 2.27153 0.0149651 0.00956105 0.0169096 1.33642e-06 0 0 0 0 0 0.0121038 0 0 0 0 0 0 0 0 0 0 0 0 0 0 0 0 0 0 0 0.00315869 0 0 0 0 0 0 0 0.00447532 0 0 0 0 0 0 0 0 0 0 0 0 0 0 0 0 0 0 0 0 0 0 2.34738e-07 0 0 0 0 0 0 0 0 0 0.00200142 0 0 0 0 0 0 0 0 0 0 0 0 0 0 0 0 0 0 0 0 0 0 0 0.000611986 0 0 0 0 0 0.00635919 0 0 0.002358 0 0 0 0 0 0 0 0 0 2.08529e-07 
1.11711e-06 0 0 0 0 0 0.0144911 0.0559369 0 0 0 0 0 0 0 0 0 0 0 0 0 0 0 0 0 0 0 0.00729078 0.0202322 0.000853583 0.0149651 2.52614 0.0347808 0.103182 0 0 0.0137076 0 0 0 0 0 0 0 0 0 0 0 0 0 0 0 0 0 0 0 0 0 0 0 0 0 0 0 0 0 0 0 0 0 0 0 0 0 0 0 0.000552824 0 0 0.0015742 0 0 2.80064e-08 0 0 0 0 0 0 0 2.09165e-05 0 0 0 0 0 0 0 0 0 0 0 0 0.011277 0 0 0 0 0 0 0 0 0 0 0 0.00111535 0.000717664 0 0 0 0 0 0 0 0 0 0 0.000708544 0 0 0 0 0 0 0 0 0 0 0.00256736 0 0 0 0 0 0 
0 0 0 0 0 0 0 0 0 0 0.000309614 0 0 0 0 0 8.19502e-06 0 0 0 0 0 0 0 0 0 0 0 0 0.00638057 0.00956105 0.0347808 1.59355 0.0771717 0.0188689 0 0 0 0 0 0 3.98472e-06 0 0 0.0022864 0 0 0 0 0 0 0 0 0 0 0 0 0 0 0 0 0.00415493 0 0 0 0 0 0 0 0 0.00102835 0.000220286 0 0 0.00721122 0 0 0 0 0 0 0 0 0 0 0 0 0 0 0 0 0 3.55853e-06 0 0 0 0 0 0 0 0 0 0 0 0 0 0 0 0 0.00116723 0 0 0 0 0 0 0 0 0 0 0 0 0 0 0 0 0 0.000206739 0 0 0 0 0.00615298 0 0 0 0 0 0 0 0 0.00264567 0 0 0 
0 0 0 0 0 0 0 0.0200675 0 0 0 0 0 0 0 0 0 0 0 0 0 0 0 0 0 0 0 0 0.0188455 0 0.0169096 0.103182 0.0771717 2.45376 0.03622 0 7.87136e-08 0.0041395 0 0 3.92431e-06 0 0 0 0 0.00739747 0 0 0 4.15307e-05 0 0 0 0 0.00135589 0 0 0 3.73835e-06 0 0 0 0 0 0 0.00574246 0 0 0 0 0 0 0.0628307 0 0.0384303 0 0 0 0 0 0 0 0 0 0 0 0 0 0 0 0 0 0 0.00177501 0 0 0 0 0 0 0 0 0 0.0364006 0 0 0 0 0 0 0 0 0 0 0 0 0 0 0 0 0 0 0 0.00842099 0 0 0 0 0 0 0.00704484 0 0 0 0 0 0 1.20724e-06 0 0 0 0 0 0 0 
0 0 0 0 0 0 0 0 0 0 0 0 0 0.00107351 0 0 0 0.0130578 0 0 0 0 0 0 0 0 0 0 0.0161349 0.0758485 1.33642e-06 0 0.0188689 0.03622 1.7921 0.0662698 0 0 0.0480961 0.00435748 0 0 0 0 0.000872832 0 0 0 0 0 0 0 0 1.74749e-06 0 0 0 0 0 0 0 0 0 0.0071364 0 0 0 0 0 0 0 0.00350215 0.00189233 0 0 0 0 0 0.000842499 0 0 0.000267978 0 0 0 0 0 0 0 0 0 0 0 0 0 0 0 0.0087816 0 0 0 0.0224993 0 0 0 0 0 0 0 0 0.00170836 0 0 0 0 0 0 0 0 0 0 0 0 0 0 0 0 0 0.00333528 0 0 0 0 0 0 0 0 0 0 0 0 0 0 0 0 
0 0.00183088 0 0 0 0 0 0 0 0 0 0 0 4.71844e-06 0 0 0 0 0 0 0 0 2.11434e-05 0.00881869 0 0 0.0061132 0 0 0.00884083 0 0 0 0 0.0662698 2.39092 0.0094156 0.035165 0 0 0.00706685 0 0 0 0 0 0 0 0 0.00549822 0 0 0 0 0 0 0 0.00923729 0 0 0 0 0 0 0 0 0 0 0 0.00504603 0 0.0369496 0 0 0 0 0 0 0 0 0 0 0 0 0 0 0 5.69551e-05 0 0.000826186 0 0 0 0 0 0 0 0 0 0 0 0 0 0 0 0 0 0 0 0 0 0 0 0 0 0 0 0 0 0 0 4.10244e-07 8.26812e-06 0 0 0 0 0 0 0.0025133 0 0 0 0 0 0.0118749 0 0 0 0 0 0 0 2.60397e-05 0 
0 0 0 0 0 0 0 0 0 0.00158059 0 0 0 9.15488e-07 0 0 0 0 0.00167949 0 0 0 0 0 0.00578547 0 0 0 0 0.0268223 0 0.0137076 0 7.87136e-08 0 0.0094156 2.31306 0.0476439 0 0.000356278 0.0143683 0 0 0 0 0 0 0.00633222 0 0 0 0 0 0 0 0 0 0 0 0 0 1.76964e-06 0 0 0 0 0 0 0 0 0 0 0 1.04959e-06 5.5694e-07 0 0 0 0 0 0 0 0.000347767 0 0 0 0 0 0 0.000792523 0 0 0 0 0 0 0 0 0.00606321 0 0 0 0 0 0 0 0 0 0 0 0 0 0 0 0 0 0 0 0 0 0 0 0 0 0 0 0 0 2.33939e-06 0 0 0 0 0 0.00325218 0 0 0 0.00719497 0 0 0 0 0 0 
0 0 0 0 0 0 0.00136557 0 0 0 0 0 0 0 0 0.00304486 0 0.0016393 0 0 0 0 0 0 0 0 0 0 0 0 0 0 0 0.0041395 0 0.035165 0.0476439 2.47664 0 0.00176076 0 0.000723085 0 0 0 0 0 0 0 0 0 0 0 0 0 0 0 0 0 0 0 0 0.00329597 0 0 0.0043409 0 0 0 0.0497509 0 0 0 0 0 0 0 0 0 0 0 0.000115964 0 0 0 0 0 0 0.0114456 0 0 0 0 0 0 0 0 0 0 0 0 0 0 0 0 0 0 0 0 0 0 0 0 0 0 0 0 0 0 0 0.00362053 0 0 0 0 0 0 0 0 0 0 0 0 0 0 0 0 0 0 0 0 0 0.00489333 0 0 
0 0 0 0 0 0 0 0 0 0 0 0 0 0 0 0 0 0 0 0 0.0204591 0 0 0 0 0.00668135 0 0.000501709 0 0 0 0 0 0 0.0480961 0 0 0 1.45983 0.0234206 0 0 0.0507362 0.0165123 0 0 0 0 0 0 0 0 0 0 0 0 0 0 0 0 0 0.000215199 0 0 0.00423725 0 0 0 0 0 0 0 0 0 0.038836 0.00440358 0 0 0 0 1.60675e-08 0 0 0 0.000118627 0 0 0 0 0 0 0 0 0 0 0 0 0 0 0 0 0.0597626 0 0 0 0 0 0 0.00112835 0 0 0 0 0 0 0.00112808 0 0.00195209 0 0 0 0 0 0 0 0 0 0 0 0 0 0 0 0 0 0.00033159 0 0 0 0 0 0 0 0 0 
0 0 0 0 0 0 0 0 0 0 0 0 0 0 0 6.22382e-07 0 0 8.15962e-06 0 0 0.0098855 0.109132 0 0 0.0845526 0.0019012 0 0 0.0177158 0 0 0 0 0.00435748 0 0.000356278 0.00176076 0.0234206 2.28348 0.0341254 0 0.0205194 0.00718631 0 0 0.0100677 0 0 0 0 0 0 0 0 0 0 0 0 0 0 0 0 0 0 0 0 0 0 0 0 0 0 0 0.00214501 0 0 0.00895546 0 0 0 0 0 0 0 0 0 0 0 0 0 0 0 0 0 0 0 0 0 0 0 0 0 0 0 0 0 0 0 0 0 0 0 0.0012541 0 0 0 0 0 0 0 0 0 0 0 0 0 0 0.000617666 0 0 0 0 0 0 0 1.22931e-06 0 0 0 0 0 0 0 0 
0 0 0 0 0 0 0 0 0 0.00010701 0 0 0 0 0 0 0.000436849 0 0 0 0 0 0.000252157 0 0 0 0 0 0 0 0.0121038 0 0 3.92431e-06 0 0.00706685 0.0143683 0 0 0.0341254 2.16786 0.00708216 0 0.00747734 0.0134249 8.78308e-06 0 0 0 0 0 0 0 0 0 0 0 0 0 0 0 0 0 0 0 0 0 0 0.014549 0 0 0 0 0 0 0 0 0 0 0 0.00170922 0 0 0 0 0 0 0 0 0 0 0 0 0 0 0 0 0 0 0 0 0 0 0 0 0 3.06399e-05 0 0 0 3.55883e-05 0 0 0 0 0 0 0 0 0 0 0 0 0 0 0 0.00269594 0 0 0 0 0 0 0 0 0 0 0 0 0 0 0 0.00054362 0 0 
0 0 0 0 0.0023342 0 0 0 0 0 0.0155847 0 0 0 0 0 4.45551e-05 0 0 0 0 0 0 0 0 0 0.00431784 0 0 0 0 0 3.98472e-06 0 0 0 0 0.000723085 0 0 0.00708216 2.08861 0 0.039657 0.0428769 0 0 0.0020902 0 0 0 0 0 0 0 0 0 0 0 0 0 0 0.0171225 0.0013169 0.0189528 0 0 0.0188084 0 0.0182096 0 0 0 0 0.0134631 0 0.000159085 0 0.00340866 0 0 0 0 0 0 0 0.0131767 0 0 0 0 0 0 0 0 0 0 0 0 0 0 0 0 0 0 0 0 0 0.00572572 0.00482442 0 0 0 0 0 0 0 0 0 0 0 0 0 0 0 0 0 0 0 0 0 0 0 0 0 0 0 0 0 0 0 0 0 0 0 
0 0 0 0.00429318 0 0 0 0 0 0 0 0 0 0 0 0 0 0 0 0 0.00065131 0.0580338 0 0 0.0156535 0.0245322 0 0 0.0124084 0.00345183 0 0 0 0 0 0 0 0 0.0507362 0.0205194 0 0 1.4133 0 0.00297708 0 0 0 0 0 0 0 0.00568585 0 0 0 0 0 0 0 0 0 0.00680079 0 0 0 0 0.00490649 0 0 0 0 0 0 0 0 0.0116261 0 0 0.00825274 0 2.87337e-08 0 0 0 0 0 0 0 0 0.00222267 0 0 0 0 0 0 0.00409942 0 0.113969 0 0.0153586 0 0 0 0 0 0 0 0 0.0103499 0 0 0 0 0 0 0 0 0 0 0 0 0 0 0 0 0 0 0 0 0 0 0 0 0 0 0 0 0 0 0 0 0 0 
0.00196173 0 0 0 0 0 0 0 0 0 0 0 0 0 0 0 0 0.00925839 0.0170261 0 0 0 0.00713872 0 0 0 0 0 0 0 0 0 0 0 0 0 0 0 0.0165123 0.00718631 0.00747734 0.039657 0 2.10144 0.00670295 0.00675333 0.011347 0.00129264 0 0 0 0 0 0 0.00064766 0 0 0 0 0 0 0 0 0 0 0 0 0 0 0 0 0 0 0 0 0 0 0.000698736 0 0 0 0 0 0 0 0 0.00259415 0 0 0 0 0 0 0 0 0 0 0 0 0.00883114 0 0 0 0 0.000474871 0 0 0 0 0 0 0 0 0.00678563 0 0 0 0 0 0 0 0 0 0 0.00100791 0 0 0 0 0 0 0 0 0 0 0 0 0 0 0 0 0 0 0 0 
0 0 0 0 0 0 0 0 0 0 0 1.9441e-09 0 0 0.00152049 0 0 0 0 0.00994573 0 0 0 0 0 0 0.00736248 0 0 0 0 0 0.0022864 0 0.000872832 0 0 0 0 0 0.0134249 0.0428769 0.00297708 0.00670295 2.15072 1.04245e-06 0.00519027 0.0300192 0.0129052 0 0 0 0 0 5.25322e-08 0 0 0 0 0 0 0 0 0 0 0 0 0 0.00772819 0 0 0 0 0.0153338 0 0 0 0 0 0 0 0 0.00015685 0 0 0 0 0 0.00432741 0 0 0 0 0 0 0 0 0 0.003757 0 0 0 0 0 0 0 0 0 0 0 0 0 0.00287118 0 0 0 0 0 0 0 0 0 0 0 0 0 0 0.00203144 0 0 0 0 0 0 0 0 0 0 0 0 0 0 0 0 0 
0 0 0 0 0 0.0017512 0 0 0 0 0 0 0 0 0 0 0 0.0280638 0 0 0 0.000699172 0 0 0.00341744 0 0 0.00915068 0 0 0 0 0 0.00739747 0 0 0 0 0 0 8.78308e-06 0 0 0.00675333 1.04245e-06 0.778391 0.0951616 0 0 0 6.3802e-07 0.0900371 0.00302778 0 0 0 0 0 0 0 0 2.17723e-05 0 0 0 0 0 0 0 0.010717 0 1.43689e-05 0 0 0 0 0 0 0 0 0 0 0 0 0 0 0 0 0 0 0 0 0 0 0 0 0 0 8.24962e-07 0.0281234 0 0 0 0 0 0 0 0 0 0 0.000112317 0 0 0 0 0 0 0 0 0 0 0 0 0 0 0 0 0 0 0 0 0 0 0 0 0 0 0 3.05498e-05 0 0 0 0 0 0 
0 0 0 0 0 0 0 0 0 0 0 0 0 0 0 0 0 0.0245455 0 0 0 0 0 0 0 0 0 0 0 0 0 0 0 0 0 0 0 0 0 0.0100677 0 0 0 0.011347 0.00519027 0.0951616 0.789738 0.00537718 0 0 0.0178827 0.0941384 0 0.0052207 0 0 0 1.02222e-07 0 0 0 0 0 0 0 0 0 0 0 0 0 0 0 0 0 0.00748097 0 0 0 0 0 0 0 0 0 0 0 0 0 0 0 0 0 0 0 0 0 0 0 0 0 0 0 0.000391889 0 0 0 0 0 0 0 0.000562526 0 0 0 0 0 0 0.00411579 0 0 1.02482e-07 0 0 0 0 0 0 0 0 0 0 0 0 0 0.00225445 0 0 0 0 0 0 0.000774992 0 0 
0 0 0 0 0 0 0 0 0 0 0 0 0 0 0 0 0 0 0.00756948 4.4299e-05 0 0 0 0 0.000708678 0 0 0 0 0 0 0 0 0 0 0 0.00633222 0 0 0 0 0.0020902 0 0.00129264 0.0300192 0 0.00537718 2.21145 0.0121458 0 0 0 0 0.000193574 0 0 0 0 0 0 0 0 0 0 0 0 0 0 0 0 0 0 0 0 0 0 0 0 0 0 0 0 0 0 0 0 0.0074242 0 0 0 0 0 0 0 2.61918e-06 0 0 0 0 0 0 0 0 0 0 0 0 0 0 0 0 0 0.00913428 0 0 0 0 0 0 0 0 0.00105947 0 0 0 0.00174813 0 0 0 9.77944e-05 0 0 0 0 0 0.00160098 0 0 0 0.0078532 0 0 0 0 0.000106572 
0.00138467 0 0 0 0 0 0.00486022 0 0 0 6.81694e-07 0 0 0 0 0 0 0 0 0.00343816 0 0 0 0 0 0 0 0 0 0 0 0 0 0 0 0 0 0 0 0 0 0 0 0 0.0129052 0 0 0.0121458 2.30381 0.0887881 0.0101422 0.00963778 0 0 0 0 0 0 0 0 0 0 0 0 0 0 0 0.000842617 0 0 2.15356e-05 0 0 5.67714e-07 0 0 0.00250046 0 0 0 0 0 0 0 0 0 0 0 0 0 0 0 0 0 0 0 0 0 0 0 0 0 0 0 0 0 0 0 0.00760202 0 0 0 0 0 0 0 0 0 0 0.00270824 0 0 0 0 0 0 0 0 0 0 0 0 0 0.00764393 0 0 0 0 0 0 0 0.00574257 0.00604909 0 0 
0 0 0 0 0.0125968 0 0 0 0 0 0 0 0 0 0 0 0 0 0 0 0 0 0 0 0 0 0.00135782 0 0 0 0 0 0 4.15307e-05 0 0.00549822 0 0 0 0 0 0 0 0 0 0 0 0 0.0887881 2.00857 0.0687904 0.0704037 0.00383271 0.0170067 0 0.00960619 0.0211682 0 0 0 0 0 0 0.0329701 0 0 0 0 0 0 0 0 0.00195789 0 0 0 0 0 0 0 1.87751e-05 0 0 0 0 0 0 0.0198968 0 0 0 0 0 0 0 0 0 0 0 0.000228058 0 0 0 0 0 0 0 0 0 0 0 0 0 0 0 0.016023 0 0 0 0 0 0 0 0 0 0 0 0 0 0 0 0 0 0 0 0 0.00803069 0 0 0.00109597 0 0 0 0 0 
0 0 0 0 0 0 0 0 0 0 0 0 0 0 0 0 0 0.0101845 0 0 0 0 0 0 0 0.00708362 0 0 0 0 0 0 0 0 0 0 0 0 0 0 0 0 0 0 0 6.3802e-07 0.0178827 0 0.0101422 0.0687904 1.65067 0.114286 0 0.00333379 0 0 0 0 0 0 0 1.37665e-06 0 0.00118197 0 0 0 0 0 0 0.00230976 0 0 0 0 0 0 0 0 0 0.000640756 0 0 0.0150947 0 0 0.00631358 0.0198297 0 0 0 0 0 0 0 0 0 0 0 0 0 0 0 0 0 0.000718834 0.000808432 0 0.0105211 3.50641e-05 0 0 0 0.000272345 0 0 0 0 0 0 0 0 0 0 0 0 0 0 0 0 0 0 0 0 0 0 0 0 0 0 0 0 0 0 0 
0 0 0 0 4.71933e-05 0 0.00358627 0 0 0 0 0 0 0 0 0 0 0.00148043 0 0 0 0 0 0 0.00778296 0 0 0 0 0 0 0 0 0 0 0 0 0 0 0 0 0 0 0 0 0.0900371 0.0941384 0 0.00963778 0.0704037 0.114286 0.843145 0.0847964 0 0.00127583 0.00180263 0 0 0 0.0022196 0.0226111 1.30113e-06 0 0 0 0 0 0 0 0 0 0 0 0 0 0 0.00714047 0 0 0 0 0 0 0 0 0 0.000269762 0 0 0 0 0.00231223 0 0 0 0 0 0 0 0 0 0 0 0.0059359 0 0 0 0 0 0 0 0 0 0 0 0 0.0069923 0 0 0 0 0 0 0 0 0 0 0 0 0 0 0 0 0 0 0 0 0 0 0 0 0 0 0 0 
0 0 0 0 0 0 0 0 0 0 0 0 0 0 0 0 0 0 0 0 0.00786942 0 0 0 0.0186206 0 0.00070963 0 0 0 0 0 0 0 0 0 0 0 0 0 0 0 0.00568585 0 0 0.00302778 0 0 0 0.00383271 0 0.0847964 1.67477 0 0 0 0.0113988 0 0.011105 0 0 0 0 0 0 0 0 0.00856742 0 0 0 0 0 0 0 0 0 0 0 0 0.00803467 0 0 0 0 0 0 0 0.032719 0.0994139 0.0396495 0.00349951 0 0 0.0189649 0 0 0 0.00697246 0 0 0 0 0 0.0110202 0 0 0 0 0 0 0.0117437 0 0 0 0 0 0 0 0 0 0 0 0 0 0 0 0 0 0 0 0 0 0 0 0 0 0 0 0 0 0 0 0 0 
0 0 1.1429e-07 0.00386866 0 0 0 0 0 0 0 0 0 0 0 0 0.000323959 0 0 0 0 0 0 0 0 0 0 0 0 0 0 0 0 0 1.74749e-06 0 0 0 0 0 0 0 0 0 0 0 0.0052207 0.000193574 0 0.0170067 0.00333379 0 0 1.56347 0.0255772 0 0.0332665 0 0.00138684 0 0 0 0 0 0.0149088 0 0 0 0 0 0.0135471 0 0 0 0 0 0 0 0 0 0 0.00259969 0 0 0 0 0 0 0 0 0 0 0 0 0 0 0 0 0 0 0 0 0.0195679 0 0 0 0 0 0 0 0 0.00812006 0 0 0 0 0 0 0 0.00224809 0 0 0 0 0 0 0 0 0 0 0 0 0 0.000631523 0 0 0 0 0 0 0 0.000962493 0 7.65215e-09 0 
0 0 0 0.0137936 0 0 0 0 0 0 0 0 0 0.000807566 0 0 0 0.011647 0 0 0 0 0 0 0 0 0 0 0 0 0 0 0 0.00135589 0 0 0 0 0 0 0 0 0 0.00064766 5.25322e-08 0 0 0 0 0 0 0.00127583 0 0.0255772 1.68955 0.0905592 0.00966805 0.0185139 0 0.00258799 0 0 0.0374494 0 0 0 0 0 0 0 0 0 0 0 0.00366587 0 0 0 0 0 0 0 0 0 0 0 0 0 0 0 0 0 0.000166118 0 0 0 0 0 0 0 0 0 0 0 0 0 0 0 0.0101489 0 0.0104067 0 0 0 0 0 0 0 0 0 1.2869e-06 0 0 0 0 0 0 0 0 0 0 0 0 0 0 0 0 0 0 0 0 0 0 0 0 
0 0 0 0 0 0 0 0.00827219 0 0 0 0 0 0 0 0 0 0 0 0 0 0 0 0 0 0 0 0 0 0 0 0 0 0 0 0 0 0 0 0 0 0 0 0 0 0 0 0 0 0.00960619 0 0.00180263 0 0 0.0905592 2.36228 0.021539 0 0 0.00387402 0 0 0.0226187 0 0 0 0 0 0.00277556 0.00816093 0 0 0 0 0 0 0 0 0 0 0 0 0 0 0 0 0 0 0 0 0 0 0.0290432 0 0.0129691 0 0 0 0 0 0 0 0 0 0 0 0 0 0.0119706 0 0 0 0 0 0 0 0.00898055 0 0 0 0 0 0 0 0.030652 0 0 0 0 0 0 7.14799e-06 0 0 0 0 0 0 0 0 0 0 0 0 0 
0 2.97994e-05 0 0 0 0 0 0 0 0 0 0 0 0 0 0 0 0 0 0 0.00362192 0 0 0 0 0 0 0 0 0 0 0 0 0 0 0 0 0 0 0 0 0 0 0 0 0 0 0 0 0.0211682 0 0 0.0113988 0.0332665 0.00966805 0.021539 1.70987 0.00717352 0 0 0.000497375 0 0 0 0 0 0 0 0 0 0 0 0 0 0 0 0 0 0 0 0 0 0 0 0 0.00845593 0 0 0.0113749 0 0 0 0 0.00834605 0 0.0569073 0 0 0 0 0 0 0 0 0 0 0 0 0 0 0 9.49841e-09 0 0 0 0 0 0 0 0 0 2.17405e-06 0 0 0.00614939 0 0 0 0.0246794 0 0 0 0 0 0 0 0 0.000100015 0 0 0 0 0 0 0 
0 0 0 0 0 0.000582275 0 0 0 0 0 0 0 0 0 0 0 0 0 0 0 0 0 0.000104542 0 0 0.00236595 0 0 0 0 0 0 0 0 0.00923729 0 0 0 0 0 0 0 0 0 0 1.02222e-07 0 0 0 0 0 0 0 0.0185139 0 0.00717352 1.3695 0 0.000386424 0.00694221 0 0 0 0 0 0 0 0 0 0 0 0 0 0 0.00114925 0.00577887 0 0 0 0 0 0 0 0 0 0 0 0.0105661 0 0 0 0 0 0.00078505 0 0.0159888 0 0.0095495 4.71474e-08 0 0 0 0 0 0 0 0 0 0 0 0 0 0 0 0 0 0 0 0 0.0030186 0 0 0 0 0 0 0.00760786 0 0 0 0 0 0 0.000745307 0 0 0 0 0 0 0 0 0 0 
0 0 0.000513469 0 0 0 0 0 0 0 0 0 0 0 0 0 0 0 0 0.000136287 0 0.0118755 0 0.00125867 0 0 0 0 0 0 0 0 0 3.73835e-06 0 0 0 0 0 0 0 0 0 0 0 0 0 0 0 0 0 0 0.011105 0.00138684 0 0 0 0 0.552945 0.00500595 0.0196046 0.0203551 0.000350607 0 0 0.00343564 0 0 0 0 0 0.000236207 0 0 0 0 0 1.68539e-06 0 0 0 0 0 0 0.00344173 0 0 0 0 0 0.00563232 0 0 0 0.000258522 0 0 0 0 0 0 0 3.41451e-05 0 0 0 0 0 0 0 0 0 0 0 0 0 0 0 0 0 0 1.57458e-07 0 0 0 0 0 0 0 0.000524623 0 0 0 0 0 0 0 0 0 0 0 0 0 0 0 
0.000257526 0 0 0 0 0 0 0.00166366 0 0 0.000527409 0 0 0 0 0 0 0 0 0 0 0 1.22783e-09 0 0 0 0 0 0 0 0 0 0 0 0 0 0 0 0 0 0 0 0 0 0 0 0 0 0 0 0 0.0022196 0 0 0.00258799 0.00387402 0 0.000386424 0.00500595 1.2001 0.024551 0.00614876 0.0126024 0 0 0 0 0 0 0 0 0 0 0 0 6.76677e-05 0 0 0 0 0 0 0 0 0.00409495 0 0 0 0 0 0 0 0 0 0 0 0 0 0 0 0.011567 0.0118183 0 0 0 0 0 0 0 0 0 0.00715518 0.00394462 0 0 0 0 0 0 0 0 0 0 0 0.00397442 0 0 0 0 0 0 0 0 0 0 0 0 0 0 0 0 0 0 0 0 
0.000143702 0 0 0 0 0 0 0 0 0 0.00156028 0 0 0 0 0 0.00784178 0 0 0 0 0 0 0 0 0 0.000818228 0 0 0 0.00315869 0 0 0 0 0 0 0 0 0 0 0 0 0 0 0 0 0 0 0 0 0.0226111 0 0 0 0 0.000497375 0.00694221 0.0196046 0.024551 0.525625 0.0233088 0 0 0 0 0 0 0 0 0 0.000202832 0 0 0 0 0 0 0 0 0 0 0 0 0 0 0 0 0 0 0 0 0 0 0 0 0 0 0 0 0 0 0 0 0 0 0.000365387 0 0 0 0 0 0 0 0 0 0 0 0 0 0 0.00777689 0 0 0 0 0 0 0 0 0.000688753 0.00122455 0 0 0 0 0 0 0 0 0 0 0 0 0 
0 1.36786e-06 0 0 0 0 0 0 0 0 0 0 0 0 0 0 0 0 0 0 0 0 4.59871e-06 0 0 0 0 0 0.000859422 0 0 0 0.00415493 0 0 0 1.76964e-06 0 0.000215199 0 0 0 0 0 0 2.17723e-05 0 0 0 0 1.37665e-06 1.30113e-06 0 0 0 0 0 0 0.0203551 0.00614876 0.0233088 0.159228 0 0 0 0.00383896 0 0 0 0 0 0 0 0 0 0 0 0.01143 0 0 0 0 0 0 0.000208831 0 0 0 0 0 2.31219e-06 0 0 0 0 0 0 0 0 0 0 0 0 0 0 0 0 0 0 0 0 0 0 0 0 0 0 0 0 0 0 0.00730805 0 0 0 0 0 0 0 0 0 0 0.00617026 0 0 0 0 0 0 0 6.98401e-08 0 0 0 0.000601818 
0 0 0 0.00785549 0 0 0 0 0 0 0 0 0 0 0 0 0 0 0 0 0 0 0 0 0 0 0 0 0 0 0 0 0 0 0 0 0 0.00329597 0 0 0 0.0171225 0.00680079 0 0 0 0 0 0 0 0 0 0 0 0.0374494 0.0226187 0 0 0.000350607 0.0126024 0 0 1.57029 0.0420238 0 0 0 0 0.00151477 0.00325193 0.00103722 0 0 0 0 0 0 0 0 0.00779836 0 0 0.010394 0 0 0 0 0.00915292 0 0 0 0 0 0 0 0.00364835 0 0 0 0 0 1.56679e-07 0 0 0 0 0 0.00462427 0 0 0 0 0 0 0 0 0 0 0 0 0 0 0 0 0 0 0 0 0 0 0 0 0 0 0 0 0 0 0 0 0.0299144 0 0 0 0 
0 0 0 0 0 0 0 0 0 0 0 0 0 0 0.000526686 0 0 0 0 0 0 0 0 0 0 0 0 0 0 0 0 0 0 0 0.0071364 0 0 0 0 0 0 0.0013169 0 0 0 0 0 0 0 0.0329701 0.00118197 0 0 0 0 0 0 0 0 0 0 0 0.0420238 1.87001 0.0746062 0.0290495 0 0 0 0 0 0 0 0 0 0 0 0.00221954 0 0 0.000471109 0 0 0 0 0 0.0100857 0 0 5.50219e-06 0.00248714 0 0 0 0 0 0 0.00396499 0 8.20439e-05 0 0 0.00580585 0 0 0 0 0.00804359 0 0 0 0 0 0 0 0.0169616 0 0 0.000707626 0 0 0 0 0 0 0 0 0 0 0 0 0 0 0 0 0 0 0 0 0 0 0 0 0 0 
0 0 0 0 0 0 0 0 0 0 0 0 0 0 0 0 0 0 0.00331452 0 0 0 0 0.0126734 0 0 0 0 0 0 0 0 0 0 0 0 0 0 0.00423725 0 0 0.0189528 0 0 0 0 0 0 0 0 0 0 0 0.0149088 0 0 0 0 0 0 0 0 0 0.0746062 2.25407 0.103395 0.0222643 0.0547455 0 0 0 0 0 0 0 0 0.003535 0 0 0 0 0 0 0 0 0 0 0 0 0 0 0 0.0103349 0 0 0 0 0 0 0.00139235 0 0 0 0 0 0 0 0 0 0 0.00834972 0 0 0 0 0 0 0.000839394 0 0.0222059 0 0 0 0 0.00444504 0 0 0 0 0 0 0 0 0 0 0 0 0 0 0 0 0 0 0 0 
0 0 0 0 0 0 0 0 0 0 0.0172502 0 0.0110151 0 0 5.55938e-05 0 0 0 0 0 0 0 0 0 0 0 0 0 0.0109153 0 0 0 0.00574246 0 0 0 0.0043409 0 0 0 0 0 0 0 0 0 0 0 0 0 0 0 0 0 0 0 0 0.00343564 0 0 0.00383896 0 0.0290495 0.103395 2.14437 0.0828197 0 0.0610105 0 0 0 0 0 0 0 0 0 0 0 0 0 0 0 0 0 0 0 0 0 0 0 0 0 0 0 0 0 0 0 0 0 0 0.00630641 0 0 0 0 0 0 0 0 0 0.000254288 0 0 0 0 0 0 0 0 0 0 0 0 0 0 0 0 0 0 0 0 0 0 0 0 0 0 0 0 0 0.0084418 0 
0 2.67388e-07 0 0.0321897 0.0185946 0 0 0 0 0 0 0 0 0 0 0 0 0 0 0 0 0 0 0 0 0 0 0.00447767 0 0 0 0 0 0 0 0 0 0 0 0 0 0 0 0 0 0 0 0 0 0 0 0 0 0 0 0 0 0 0 0 0 0 0 0 0.0222643 0.0828197 1.60405 0.0958268 0 0.0585028 0 0.0115303 0.00975971 0 0 0 0 0 0 0 0 0 0 0 0 0.00372611 0 0 0 0 0 0 1.00412e-07 0 0 0 0 0 0 0 0 0 0.00386337 0 0 0 0 0 0 0 0 4.7261e-05 0 0 0 0 0 0 0 0 0 0 0 0 0 0 0 0 0 0 0.0143811 0 0 0 0 0 0 0 0 0 0 0.00746108 0.0013742 0 0 
0 0 0 0.000461983 0 0 0 0 0 0 0 0 0 0 0 0 0 0 0 0 0 0 0 0 0 0 4.26899e-08 0 0 0 0 0 0 0 0 0 0 0 0 0 0 0.0188084 0.00490649 0 0 0 0 0 0.000842617 0 0 0 0.00856742 0 0 0 0 0 0 0 0 0 0 0 0.0547455 0 0.0958268 1.26835 0.14946 0 4.85636e-07 0.039055 0.0615921 0.0217412 0 0 0 0 0 0.00334238 0.00316536 0.0298434 0 0 0 0 0 0 0 0 0 0 0 0.0037763 0 0 0 0 0 0 0 0 0 0 0.0156495 0 0 0 0 0 0 0 0 0 0.00691994 0 0.0125129 0 0 0 0 0 0 0 0 0 0 0 0 0 0 0 0 0 0 0 0 0 0 0.00024973 0 0 0 0 0 
0 0 0.000713911 0 0 0 0 0 0 0 0 0 0.00553637 0 0 0 0 0 0 0 0 0 0 0 0 0.0117552 0 0 0 0 0.00447532 0 0 0 0 0 0 0 0 0 0.014549 0 0 0 0.00772819 0 0 0 0 0 0 0 0 0 0 0.00277556 0 0 0 0 0 0 0.00151477 0 0 0.0610105 0 0.14946 2.04596 0.0743318 0.0157522 0.0161125 0.0072443 0.00752649 0 0 0 0 0 0 0 0 0 0 0 0 0 0 0 0 0 0 0 0 0 0 0 0 0 0 0 0 0 0.00127277 0 0.000686969 0 4.78183e-07 0 0 0 0 0 0 0 0 0 0 0 0 0 0.00469686 0 0 0 0 0 0 0 0 0 0 0 0 0 0 0 0 0 0 0 0 0 0 0 
0.00526843 0 0.000285878 0 0 0 0 0 0 0 0 0 0 0 0 0 0 0 0 0 0.000216902 0 0 0 0 0 0 0.00215312 0 0.000574536 0 0 0 0 0 0.00504603 0 0.0497509 0 0 0 0.0182096 0 0 0 0.010717 0 0 0 0 0 0 0 0 0 0.00816093 0 0 0 0 0 0 0.00325193 0 0 0 0.0585028 0 0.0743318 2.37919 0 0 0.0133733 0 0 0 0 0.00751504 0 0 0 0 0 0 0 0 0 0 0 0 0 0 0 0 0 0 0 0 0 0 0.000516949 0 0 0 0.0203858 0 0 0 0 0 0 0 0 0 0.000747335 0 0 0 0 0 0 0 0 0 0 0 0 0 0 0 0 0 0.00388896 0 0 0 0 0 0 0 0 0 0 0 1.96057e-06 
0 0 0 0 0 0 0 0 0.0084302 0 0 0 0 3.6048e-06 0 0 0 0 0 0 0 0 0 0 0 0 0 1.46607e-07 0 0 0 0 0.00102835 0 0 0 0 0 0 0 0 0 0 0 0 0 0 0 2.15356e-05 0 0.00230976 0 0 0.0135471 0 0 0 0 0 0 0 0 0.00103722 0 0 0 0 4.85636e-07 0.0157522 0 1.58373 0.140499 0.0183062 0 0.00910179 0 0 0 0 0 0 0 0 0 0 0 0 0 0 0 0 0 0.00328197 0 0 0 0.000365778 0 0 0 0 0.0355603 0 0 0 0 0 0 0 0 0 0 0 0 0 0 0 0 0.00504049 0 0 0 0.00251574 0 0 0 0.00038053 0 0 0 0 0 0 0 0 0 0.00188944 0 0 0 0 0 0 0 0 
0 0 0 0 0 0 0 0 0 0 0 0 0 0 0 0 0 0 0 0 0 0 0 0 0 0 0 0 0 0.00891093 0 0 0.000220286 0 0.00350215 0.0369496 0 0 0 0 0 0 0 0 0 1.43689e-05 0 0 0 0 0 0 0 0 0 0 0 0 0.000236207 0 0.000202832 0 0 0 0 0 0.0115303 0.039055 0.0161125 0 0.140499 2.35954 0.0550687 0.0144544 0 0 0 0 0 0 0 0 0 0 0 0 0 0 0 0 2.82925e-06 0 0 0 0 0 0 0 0 0.00662581 0 0 0 0.0001672 0 0 0 0 0 0 0 0 0 0 0 0 0 0 0 0 0 0 0 0.0103338 0 0 0 5.39859e-06 0 0 0 0 0 0 0 0 0 0 0 0 0 0 0 0 0 
0 0 0 0 0 0 0 0 0 0 0 0 0 0 0 0 0.000349561 0 0 0.00433334 0 0 0 0 0 0 0 0 0 0 0 0 0 0.0628307 0.00189233 0 0 0 0 0 0 0 0 0 0 0 0 0 0 0.00195789 0 0 0 0 0 0 0 0 0 0 0 0 0 0 0 0 0.00975971 0.0615921 0.0072443 0.0133733 0.0183062 0.0550687 2.11861 0.0424638 0.0120766 0.000917717 0 0 0 0 0 0 0 0 0 0 0 0.00660855 0 0 0 0 0 0 0 0 0 0 0 0 0 0 0 0 0 0.00107201 0 0 0 0 0 0 0 0 0 0 0 0 0 0 0 0 0 0 0 0 0 0 0.00479178 0 0 0 0 0 0 0 0 0.00107159 0 0 0 0 0 0 0 
0 9.58004e-08 0 0 0 0 0 0 0 0 0 0 0 0 0 0 0 0.00709088 0 0 0 0 0 0 0 8.03126e-05 0 0.0317058 0 0 0 0 0 0 0 0 1.04959e-06 0 0 0 0 0 0 0 0.0153338 0 0 0 5.67714e-07 0 0 0 0 0 0 0 0 0 0 0 0 0 0 0 0 0 0 0.0217412 0.00752649 0 0 0.0144544 0.0424638 2.09022 0.0413474 0 0 0 0 0 0 0 0 0 0 0 0 0 9.22058e-08 0 0 0 0 0 0 0 0 0 0 0 0 0 0.00648129 0.0501054 0 0 0.0146463 0 0 0 0 0.000485568 0 0 0 0 0 0 0 0.0150235 0 0 0 0 0.00717775 0 0 0 0 0 0 0.00435015 0 0 0 0 0 0 0 0 0 0 0 0 0 
0 0 0 0 0 0 0 0.00736511 0 0 0 0 0 0 0 0 0 0.00459286 0 0 0.0204232 0 0 0 0 0 0 0 0.00251341 0 0 0 0.00721122 0.0384303 0 0 5.5694e-07 0 0.038836 0.00214501 0 0.0134631 0 0 0 0 0 0 0 0 0 0 0 0 0.00366587 0 0 0 0 0 0 0 0 0 0 0 0 0 0 0 0.00910179 0 0.0120766 0.0413474 2.22261 0 0 0 0.000108385 0 0.00581424 0.0085928 0 0 0 0 0 0 0 0 0 0 0 0 0 0 0 0 0 0 0 0.0713358 0 0 0 0 0 0.025855 0 0 0 0 0 0.000325048 0 0 0 0 0 0.000340373 0 0 0 0 0 0 0 0 0 0 0 0 0 0 0 0 0 0 0 0 0 0 0 0 0 
0 0 0 0 0 3.58123e-08 0 0 0 0 0 0 0 0 0 0 0.00514378 0 0.0113267 0 0 0 0 0 0 0 0 0 0 0 0 0 0 0 0 0 0 0 0.00440358 0 0 0 0 0 0 0 0.00748097 0 0 0 0 0 0 0 0 0 0 0.00114925 0 6.76677e-05 0 0 0 0 0 0 0 0 0 0 0 0 0.000917717 0 0 1.68921 0 0.0248718 0 0 0 0 0 0 0 0 0.00604345 0 0.0148922 0 0 0 0 0 0 0 0 0 0.0174879 0 0 0.0137923 0 0 0 0 0 0 0 0 0.0440714 0 0 0.0072788 0.0107138 0 0 0 0 0 0 0 0 0 0 0 0 0 0 0 0.00802478 0 0 0 0 0 0 0 0 0 0 0 0 0 1.92864e-07 
0 0 0 0 0 0 0 0.00346864 0 0 0 0 0 0 0 0 0 0.00591975 0 0 0 0.013273 0 0 0.00892188 0 0 0.0487819 0.0192202 0 0 0.000552824 0 0 0 0 0 0 0 0 0 0.000159085 0.0116261 0 0 0 0 0 0.00250046 0 0 0.00714047 0 0 0 0 0 0.00577887 0 0 0 0 0 0 0.003535 0 0 0 0 0 0 0 0 0 0 0 1.96799 0.0208075 0 0 0.0153043 0 0 0 0 0 0 0 0 0 0 0 0 0 0 0 0 0 0 0 0 0.00681146 0 0 0 0 0 0 0 0 0 0 0.0210153 0 0 0 0 0 0 0 0 0.000417028 0 0 0 0 0 0 0 0 0 0 0 0 0 0 0 0 0 0 0 0 0 0 0 
0 0 0 0 0 0 0 0.00177334 0 0 0 0 0 0 0 0 0 0 0 0 0 0 0 0 0 0 0 0 0 0 0 0 0 0 0 0 0 0 0 0.00895546 0 0 0 0.000698736 0 0 0 0 0 0 0 0 0 0 0 0 0 0 1.68539e-06 0 0 0.01143 0 0.00221954 0 0 0 0 0 0.00751504 0 0 0 0 0 0.0248718 0.0208075 1.73503 0 0.0500265 0 0.00585281 0 0 0 0 0.019783 0 0 0 0.00141507 0 0 0 0 0 0.0414226 0 0.00328929 0 0.00225585 0 0 0 0 0 0 0 0 0 0.0066066 0 0 0 0 0 0.000469489 0 0 0 0 0 0 0 0 0 0 0.00512583 0.00847228 0 0 0 0 0 0 0 0.0224717 0 0 0 0 0 0 0 0 
3.74303e-07 0 0 0 0 0 0 0 0 0.0183466 0 0 0.0944106 0 0.00483445 0 0 0 0 0 0.00424144 0 0 0.00120552 0.09946 0.0284218 0 0 0 0 0 0 0 0 0.000842499 0 0 0 0 0 0 0.00340866 0 0 0 0 0 0 0 0 0 0 0 0 0 0 0 0 0 0 0 0 0 0 0 0 0 0 0 0 0 0 0 0 0.000108385 0 0 0 1.99285 0.0866713 0.00871098 0 0 0 0 0 0 0.00350865 0 0 0 0 0 0 0 0.0026479 0 0 0.0172011 0.0883608 0 0 0 0 0 0 1.44538e-05 0 0 0 0 0 0 0 0 0 0 0 0 0 0 0 0 0 0 0 0 0 0 0.00381473 0 0 0 0 0 0 0.00528228 0 0 0 0 0 0 0 0 
0 0 0 0 0 0 0 0 0 0 0.0331097 0.0812973 0 0 0 0 0 0 0 0 0 0 0 0 0 0.00545237 0 0 0 0 0 0.0015742 0 0 0 0 0 0 0 0 0 0 0.00825274 0 0 0 0 0 0 0 0 0 0 0 0 0 0 0 0 0 0 0 0.00779836 0 0 0 0 0.00334238 0 0 0 0 0 0 0 0 0 0.0500265 0.0866713 2.04389 0.0119318 0.0488981 0 0 0 0 0 0.00114603 0 0 0 0 0 0.0109892 0 0 0.0513528 0 0 0 0 0 0 0 0 0 0 0 0 0 0 0 0 0 0 0.00575488 0 0 0 0 0 0 0 0 0 0 0 0 0.00962637 0 0.00840486 0 0 1.39745e-05 0 0 0 0 0 0 0 0 0 0 0 
0.000121338 0.00276646 0 0.00329048 0 0 0 0 0 0 0 0 0.0126846 0 0.0325618 1.77206e-07 0 0 0 0 0 0 0 0.0127286 0 0 0 0 0 0 0 0 0 0 0 0 0 0 1.60675e-08 0 0.00170922 0 0 0 0 0 0 0 0 1.87751e-05 0.000640756 0 0.00803467 0 0 0 0 0 0 0 0 0 0 0.000471109 0 0 0 0.00316536 0 0 0 0 0 0 0.00581424 0 0.0153043 0 0.00871098 0.0119318 1.68191 0.0717968 0.0191969 0.125998 0.00149848 0 0 0 0 0 0 0 0 0 0.000591931 0.0424518 0 0.0630989 0 0 0 0 0 0 0 0 0 0 0 0 0 0 0 0 0 0 0 0 0 0 0 0 0 0.000108245 0 0.00184888 0 0 0 0 0 0 0 0 0 0 0 0 0 0 0 0 0 0 0 
0 0 0 0 0 0 0 0 0 0 0.000831812 0.0374399 0 0.0394528 0 0 2.5164e-07 0 0 0 0 0 0 0 0 0 0 0.000327647 0 0 0 0 0 0 0.000267978 0 0 0.000115964 0 0 0 0 2.87337e-08 0 0 0 0 0 0 0 0 0 0 0.00259969 0 0 0 0 0 0 0 0 0 0 0 0 0 0.0298434 0 0 0 0 0 0 0.0085928 0 0 0.00585281 0 0.0488981 0.0717968 2.16673 0.0428186 0.0717712 0 0 0 0 0 0 0 0 0 0.00856287 0 0.00471592 0 0 0 0 0 0 0 0 0 0 0.00548328 0 0 0 0.000894369 0 0 0 0 0 0 0 0 0 0 0 0.00476183 0 0 0 0 0 0 0 0 0 0 0 0 1.67233e-07 0.00372515 0 0 0 0 0 0 0 0 
0 0 0 0.0020724 0 0 0 0 0 0 0 0 0 0.00837012 0 2.29737e-05 0 0 0 0 0 0 0.00871273 0 0 0 0 0 0 0 0 2.80064e-08 0 0 0 0 0.000347767 0 0 0 0 0 0 0 0.00015685 0 0 0 0 0 0 0 0 0 0 0 0 0 0 0 0 0 0.010394 0 0 0 0 0 0 0 0 0 0 0 0 0 0 0 0 0 0.0191969 0.0428186 2.28885 0.0393862 1.80446e-07 0.00233226 0 0 0.0034994 0 0 0 0 0 0 0 0 0 0 0 0 0 0 0 0 0 0 0 0 0.00245636 0 0 0 0 0 0 0 0 0 0 0 0 0 0 0 0 0 0 0 0 0 0 0 0 0 0 0 0 0.00201449 0 0.00423231 0 0 0 0 
0 0 0 0 0 0 0 0 0 0 0 0 0 0 0 0 0 0 0 0 0 0 0 0 0 0 0 0 0 0 0 0 0 0 0 0 0 0 0 0 0 0 0 0 0 0 0 0 0 0 0.0150947 0 0 0 0 0 0 0 0 0 0 0 0 0 0 0 0 0 0 0 0 0 0 0 0 0 0 0 0 0 0.125998 0.0717712 0.0393862 1.45751 0.0322065 0.0129322 0 0 0 0 0 0 0 0 0.00918636 0.0868538 0 0 0 0 0.0020954 0 0 0 0 0 0 0 0 0 0 0 0 0 0.0030026 0 0 0 0 0 0 0.0117337 0 0 0 0 0 0 0 0 0.0089428 0 0 0 0.00227154 0 0 0 0 0 0 0 0 0 0 
0 0 0 0 0 0 0 0 6.43509e-06 0 0 0 0 0 0 0 0 0 0 0.00225351 0.00816495 0 0 0 0 0 0 0 0 0 0 0 0 0 0 0 0 0 0.000118627 0 0 0 0 0 0 0 0 0 0 0 0 0 0 0 0 0 0 0 0.00344173 0.00409495 0 0.000208831 0 0 0 0 0 0 0 0 0 0 0 0 0 0 0 0 0 0 0.00149848 0 1.80446e-07 0.0322065 1.3015 0.0141949 0.0442265 0 0 0 0 0 0.0042919 0 0 0 0 0 0 0 0 0 0 0 0 0 0 0 0 0 0 0 0 0 0 0 0 0 0 0 0 0 0 0 0 0 0 0 0 0 0.00315563 0 0 0 0 0 0 0 0 0 0 0 0 0 0.000849449 
0 0 0 0 0 0 0 0.00946833 0 0 0 0 0 0 0 0 0 0.00191389 0 0 0 0 0 0 0 0 0 0 0 0 0 0 0 0 0 0 0 0 0 0 0 0 0 0 0 0 0 0 0 0 0 0 0 0 0 0 0.00845593 0 0 0 0 0 0 0 0 0 0.00372611 0 0 0 0 0 0 0 0 0 0 0 0 0 0 0 0.00233226 0.0129322 0.0141949 2.33339 0.00792455 0 0.0247135 0 0.00560118 0 0 0 0 0 0 0 0 0 0 0 0 0 0 0 0 0 0 0 0 0 0 0 0 0 0 0 0.0108897 0 0 0 6.33971e-06 0 0 0 0 0 0 0 0 0 0 0.0113297 0 0 0 0 0.000196011 0 0 0 0 0 0 
